%Vec Object: 1 MPI processes
%  type: seq
Vec_0x7fc104626ce0_1 = [
0.0000000000000000e+00
0.0000000000000000e+00
0.0000000000000000e+00
0.0000000000000000e+00
0.0000000000000000e+00
0.0000000000000000e+00
0.0000000000000000e+00
0.0000000000000000e+00
0.0000000000000000e+00
0.0000000000000000e+00
0.0000000000000000e+00
0.0000000000000000e+00
0.0000000000000000e+00
0.0000000000000000e+00
0.0000000000000000e+00
0.0000000000000000e+00
0.0000000000000000e+00
0.0000000000000000e+00
0.0000000000000000e+00
0.0000000000000000e+00
0.0000000000000000e+00
0.0000000000000000e+00
0.0000000000000000e+00
0.0000000000000000e+00
0.0000000000000000e+00
0.0000000000000000e+00
0.0000000000000000e+00
0.0000000000000000e+00
0.0000000000000000e+00
0.0000000000000000e+00
0.0000000000000000e+00
0.0000000000000000e+00
0.0000000000000000e+00
0.0000000000000000e+00
0.0000000000000000e+00
0.0000000000000000e+00
9.9999999999999956e-01
1.4999999999999993e+00
1.9999999999999989e+00
1.9999999999999989e+00
1.9999999999999989e+00
1.9999999999999989e+00
1.9999999999999989e+00
1.9999999999999989e+00
1.9999999999999989e+00
1.9999999999999989e+00
1.9999999999999989e+00
1.9999999999999989e+00
1.9999999999999989e+00
1.9999999999999989e+00
1.9999999999999989e+00
1.9999999999999989e+00
1.9999999999999989e+00
1.9999999999999989e+00
1.9999999999999989e+00
1.9999999999999989e+00
1.9999999999999989e+00
1.9999999999999989e+00
1.9999999999999989e+00
1.9999999999999989e+00
1.9999999999999989e+00
1.9999999999999989e+00
1.9999999999999989e+00
1.9999999999999989e+00
1.9999999999999989e+00
1.9999999999999989e+00
1.9999999999999989e+00
1.4999999999999989e+00
9.9999999999999956e-01
5.0000000000000011e-01
0.0000000000000000e+00
1.4999999999999996e+00
2.2499999999999987e+00
2.9999999999999987e+00
2.9999999999999987e+00
2.9999999999999987e+00
2.9999999999999987e+00
2.9999999999999987e+00
2.9999999999999987e+00
2.9999999999999987e+00
2.9999999999999987e+00
2.9999999999999987e+00
2.9999999999999987e+00
2.9999999999999987e+00
2.9999999999999987e+00
2.9999999999999987e+00
2.9999999999999987e+00
2.9999999999999987e+00
2.9999999999999987e+00
2.9999999999999987e+00
2.9999999999999987e+00
2.9999999999999987e+00
2.9999999999999987e+00
2.9999999999999987e+00
2.9999999999999987e+00
2.9999999999999987e+00
2.9999999999999987e+00
2.9999999999999987e+00
2.9999999999999987e+00
2.9999999999999987e+00
2.9999999999999987e+00
2.9999999999999987e+00
2.2499999999999987e+00
1.4999999999999996e+00
7.5000000000000022e-01
0.0000000000000000e+00
1.9999999999999989e+00
2.9999999999999982e+00
3.9999999999999978e+00
3.9999999999999973e+00
3.9999999999999973e+00
3.9999999999999973e+00
3.9999999999999973e+00
3.9999999999999973e+00
3.9999999999999973e+00
3.9999999999999973e+00
3.9999999999999973e+00
3.9999999999999973e+00
3.9999999999999973e+00
3.9999999999999973e+00
3.9999999999999973e+00
3.9999999999999973e+00
3.9999999999999973e+00
3.9999999999999973e+00
3.9999999999999973e+00
3.9999999999999973e+00
3.9999999999999973e+00
3.9999999999999973e+00
3.9999999999999973e+00
3.9999999999999973e+00
3.9999999999999973e+00
3.9999999999999973e+00
3.9999999999999973e+00
3.9999999999999973e+00
3.9999999999999973e+00
3.9999999999999973e+00
3.9999999999999973e+00
2.9999999999999982e+00
1.9999999999999991e+00
1.0000000000000002e+00
0.0000000000000000e+00
1.9999999999999989e+00
2.9999999999999982e+00
3.9999999999999978e+00
3.9999999999999973e+00
3.9999999999999973e+00
3.9999999999999973e+00
3.9999999999999973e+00
3.9999999999999973e+00
3.9999999999999973e+00
3.9999999999999973e+00
3.9999999999999973e+00
3.9999999999999973e+00
3.9999999999999973e+00
3.9999999999999973e+00
3.9999999999999973e+00
3.9999999999999973e+00
3.9999999999999973e+00
3.9999999999999973e+00
3.9999999999999973e+00
3.9999999999999973e+00
3.9999999999999973e+00
3.9999999999999973e+00
3.9999999999999973e+00
3.9999999999999973e+00
3.9999999999999973e+00
3.9999999999999973e+00
3.9999999999999973e+00
3.9999999999999973e+00
3.9999999999999973e+00
3.9999999999999973e+00
3.9999999999999973e+00
2.9999999999999982e+00
1.9999999999999991e+00
1.0000000000000002e+00
0.0000000000000000e+00
1.9999999999999989e+00
2.9999999999999982e+00
3.9999999999999978e+00
3.9999999999999973e+00
3.9999999999999973e+00
3.9999999999999973e+00
3.9999999999999973e+00
3.9999999999999973e+00
3.9999999999999973e+00
3.9999999999999973e+00
3.9999999999999973e+00
3.9999999999999973e+00
3.9999999999999973e+00
3.9999999999999973e+00
3.9999999999999973e+00
3.9999999999999973e+00
3.9999999999999973e+00
3.9999999999999973e+00
3.9999999999999973e+00
3.9999999999999973e+00
3.9999999999999973e+00
3.9999999999999973e+00
3.9999999999999973e+00
3.9999999999999973e+00
3.9999999999999973e+00
3.9999999999999973e+00
3.9999999999999973e+00
3.9999999999999973e+00
3.9999999999999973e+00
3.9999999999999973e+00
3.9999999999999973e+00
2.9999999999999982e+00
1.9999999999999991e+00
1.0000000000000002e+00
0.0000000000000000e+00
1.9999999999999989e+00
2.9999999999999982e+00
3.9999999999999978e+00
3.9999999999999973e+00
3.9999999999999973e+00
3.9999999999999973e+00
3.9999999999999973e+00
3.9999999999999973e+00
3.9999999999999973e+00
3.9999999999999973e+00
3.9999999999999973e+00
3.9999999999999973e+00
3.9999999999999973e+00
3.9999999999999973e+00
3.9999999999999973e+00
3.9999999999999973e+00
3.9999999999999973e+00
3.9999999999999973e+00
3.9999999999999973e+00
3.9999999999999973e+00
3.9999999999999973e+00
3.9999999999999973e+00
3.9999999999999973e+00
3.9999999999999973e+00
3.9999999999999973e+00
3.9999999999999973e+00
3.9999999999999973e+00
3.9999999999999973e+00
3.9999999999999973e+00
3.9999999999999973e+00
3.9999999999999973e+00
2.9999999999999982e+00
1.9999999999999991e+00
1.0000000000000002e+00
0.0000000000000000e+00
1.9999999999999989e+00
2.9999999999999982e+00
3.9999999999999978e+00
3.9999999999999973e+00
3.9999999999999973e+00
3.9999999999999973e+00
3.9999999999999973e+00
3.9999999999999973e+00
3.9999999999999973e+00
3.9999999999999973e+00
3.9999999999999973e+00
3.9999999999999973e+00
3.9999999999999973e+00
3.9999999999999973e+00
3.9999999999999973e+00
3.9999999999999973e+00
3.9999999999999973e+00
3.9999999999999973e+00
3.9999999999999973e+00
3.9999999999999973e+00
3.9999999999999973e+00
3.9999999999999973e+00
3.9999999999999973e+00
3.9999999999999973e+00
3.9999999999999973e+00
3.9999999999999973e+00
3.9999999999999973e+00
3.9999999999999973e+00
3.9999999999999973e+00
3.9999999999999973e+00
3.9999999999999973e+00
2.9999999999999982e+00
1.9999999999999991e+00
1.0000000000000002e+00
0.0000000000000000e+00
1.9999999999999989e+00
2.9999999999999982e+00
3.9999999999999978e+00
3.9999999999999973e+00
3.9999999999999973e+00
3.9999999999999973e+00
3.9999999999999973e+00
3.9999999999999973e+00
3.9999999999999973e+00
3.9999999999999973e+00
3.9999999999999973e+00
3.9999999999999973e+00
3.9999999999999973e+00
3.9999999999999973e+00
3.9999999999999973e+00
3.9999999999999973e+00
3.9999999999999973e+00
3.9999999999999973e+00
3.9999999999999973e+00
3.9999999999999973e+00
3.9999999999999973e+00
3.9999999999999973e+00
3.9999999999999973e+00
3.9999999999999973e+00
3.9999999999999973e+00
3.9999999999999973e+00
3.9999999999999973e+00
3.9999999999999973e+00
3.9999999999999973e+00
3.9999999999999973e+00
3.9999999999999973e+00
2.9999999999999982e+00
1.9999999999999991e+00
1.0000000000000002e+00
0.0000000000000000e+00
1.9999999999999989e+00
2.9999999999999982e+00
3.9999999999999978e+00
3.9999999999999973e+00
3.9999999999999973e+00
3.9999999999999973e+00
3.9999999999999973e+00
3.9999999999999973e+00
3.9999999999999973e+00
3.9999999999999973e+00
3.9999999999999973e+00
3.9999999999999973e+00
3.9999999999999973e+00
3.9999999999999973e+00
3.9999999999999973e+00
3.9999999999999973e+00
3.9999999999999973e+00
3.9999999999999973e+00
3.9999999999999973e+00
3.9999999999999973e+00
3.9999999999999973e+00
3.9999999999999973e+00
3.9999999999999973e+00
3.9999999999999973e+00
3.9999999999999973e+00
3.9999999999999973e+00
3.9999999999999973e+00
3.9999999999999973e+00
