%Vec Object: 1 MPI processes
%  type: seq
Vec_0x7fc104626ce0_2 = [
0.0000000000000000e+00
0.0000000000000000e+00
0.0000000000000000e+00
0.0000000000000000e+00
0.0000000000000000e+00
0.0000000000000000e+00
0.0000000000000000e+00
0.0000000000000000e+00
0.0000000000000000e+00
0.0000000000000000e+00
0.0000000000000000e+00
0.0000000000000000e+00
0.0000000000000000e+00
0.0000000000000000e+00
0.0000000000000000e+00
0.0000000000000000e+00
0.0000000000000000e+00
0.0000000000000000e+00
0.0000000000000000e+00
0.0000000000000000e+00
0.0000000000000000e+00
0.0000000000000000e+00
0.0000000000000000e+00
0.0000000000000000e+00
0.0000000000000000e+00
0.0000000000000000e+00
0.0000000000000000e+00
0.0000000000000000e+00
0.0000000000000000e+00
0.0000000000000000e+00
0.0000000000000000e+00
0.0000000000000000e+00
0.0000000000000000e+00
0.0000000000000000e+00
0.0000000000000000e+00
0.0000000000000000e+00
-6.2076952853351332e-03
-4.9402299714995509e-03
-4.9819981755461068e-03
-4.3379148528636981e-03
-5.0938140393702504e-03
-4.3098493723685285e-03
-5.1019615916341162e-03
-4.3074140149586496e-03
-5.1027371172067777e-03
-4.3071447266160275e-03
-5.1028413033715574e-03
-4.3070992236481868e-03
-5.1028636885923455e-03
-4.3070870034468385e-03
-5.1028709482169613e-03
-4.3070823893311882e-03
-5.1028740500432337e-03
-4.3070801976036717e-03
-5.1028756697399716e-03
-4.3070789692826444e-03
-5.1028765344847959e-03
-4.3070787515950915e-03
-5.1028748691587132e-03
-4.3070868060453467e-03
-5.1028442922536619e-03
-4.3071980009177138e-03
-5.1024427601131664e-03
-4.3086349531806147e-03
-5.0975436885143900e-03
-4.3221965221759227e-03
-5.0766079623091676e-03
-4.0501339710870936e-03
-1.1438540487769853e-02
-3.2395322773816951e-03
0.0000000000000000e+00
-4.9402299714995527e-03
-5.6834199196123484e-03
-3.4376872157535435e-03
-5.0571027687894027e-03
-3.5240394145947063e-03
-5.0396536436636812e-03
-3.5279984470145058e-03
-5.0389568375050538e-03
-3.5280186490549452e-03
-5.0390344005658803e-03
-3.5279530797816525e-03
-5.0390777316113725e-03
-3.5279258403169539e-03
-5.0390949555025035e-03
-3.5279146607563564e-03
-5.0391024608500475e-03
-3.5279094315257631e-03
-5.0391062550668303e-03
-3.5279065474966855e-03
-5.0391085753993250e-03
-3.5279045305545856e-03
-5.0391105829685591e-03
-3.5279018397707733e-03
-5.0391165127443086e-03
-3.5278821951716392e-03
-5.0391933527768381e-03
-3.5275657279376493e-03
-5.0405477130154204e-03
-3.5213588741434330e-03
-5.0727473910556452e-03
-3.2973351417259272e-03
-6.8773753063180992e-03
2.0308757971657402e-03
-2.2780496867606474e-02
0.0000000000000000e+00
-4.9819981755461025e-03
-3.4376872157535379e-03
-4.3329951798301404e-03
-2.9523748367653278e-03
-4.3986178921567960e-03
-2.9374070445924833e-03
-4.4026815587753362e-03
-2.9363190387601381e-03
-4.4030055113238407e-03
-2.9362013252742917e-03
-4.4030597490672370e-03
-2.9361711729778777e-03
-4.4030784512432758e-03
-2.9361588728958805e-03
-4.4030868402177301e-03
-2.9361529810580747e-03
-4.4030911014985696e-03
-2.9361497941621608e-03
-4.4030935851364127e-03
-2.9361477563987063e-03
-4.4030953540249171e-03
-2.9361461887396968e-03
-4.4030964383537921e-03
-2.9361473144697194e-03
-4.4030853656920445e-03
-2.9362003371028464e-03
-4.4028651692179580e-03
-2.9370334606271002e-03
-4.4002859475065050e-03
-2.9389540719267065e-03
-4.4558437328473264e-03
-2.0792977981849365e-03
-1.4152005594728578e-02
4.2160683552775417e-03
0.0000000000000000e+00
-4.3379148528636972e-03
-5.0571027687894088e-03
-2.9523748367653200e-03
-4.5200820094789757e-03
-3.0316765651734576e-03
-4.5012217731483237e-03
-3.0368700429349292e-03
-4.4998202391791382e-03
-3.0372509994334861e-03
-4.4997203025147394e-03
-3.0372724096240943e-03
-4.4997203009279193e-03
-3.0372673926112124e-03
-4.4997257068368057e-03
-3.0372627563473968e-03
-4.4997294329278559e-03
-3.0372598070980304e-03
-4.4997317886682807e-03
-3.0372578703571590e-03
-4.4997334719209022e-03
-3.0372562444869388e-03
-4.4997353945363076e-03
-3.0372530835322299e-03
-4.4997428721731385e-03
-3.0372302428345170e-03
-4.4998228316924247e-03
-3.0369275871507664e-03
-4.5010547412209041e-03
-3.0313880458308095e-03
-4.5298276430190149e-03
-2.8278569553806276e-03
-6.2338711109354182e-03
2.5897234707293669e-03
-2.1129059472199570e-02
0.0000000000000000e+00
-5.0938140393702487e-03
-3.5240394145947054e-03
-4.3986178921568151e-03
-3.0316765651734498e-03
-4.4717669027829112e-03
-3.0150866225845800e-03
-4.4759456254409510e-03
-3.0141347235495821e-03
-4.4761348200450619e-03
-3.0141101277385749e-03
-4.4761315125488310e-03
-3.0141140976111896e-03
-4.4761301849376954e-03
-3.0141136325140478e-03
-4.4761314647827777e-03
-3.0141121113379725e-03
-4.4761329591925438e-03
-3.0141107424669052e-03
-4.4761341866261153e-03
-3.0141096380309441e-03
-4.4761351813831654e-03
-3.0141088355205535e-03
-4.4761352672854533e-03
-3.0141118171336362e-03
-4.4761195867582242e-03
-3.0141780628831676e-03
-4.4758597967522705e-03
-3.0151299295387117e-03
-4.4729180628203307e-03
-3.0181426740771614e-03
-4.5274052558038659e-03
-2.1458845708709042e-03
-1.4147814969448863e-02
4.1384015124917295e-03
0.0000000000000000e+00
-4.3098493723685259e-03
-5.0396536436636769e-03
-2.9374070445924759e-03
-4.5012217731483176e-03
-3.0150866225845869e-03
-4.4836650384119199e-03
-3.0198172925173230e-03
-4.4823786478706360e-03
-3.0201945863851999e-03
-4.4822543297201745e-03
-3.0202414864468809e-03
-4.4822344907663346e-03
-3.0202504074344797e-03
-4.4822305048963489e-03
-3.0202520115266474e-03
-4.4822300754695822e-03
-3.0202518701760430e-03
-4.4822304792592063e-03
-3.0202513593256667e-03
-4.4822310271963161e-03
-3.0202507772588770e-03
-4.4822317670051648e-03
-3.0202493155546753e-03
-4.4822362654614702e-03
-3.0202323900886145e-03
-4.4823038455341973e-03
-3.0199554665037470e-03
-4.4834857730358104e-03
-3.0144860891106974e-03
-4.5124377953585241e-03
-2.8092854678094903e-03
-6.2119345079956114e-03
2.6095911428240283e-03
-2.1091267135691136e-02
0.0000000000000000e+00
-5.1019615916341075e-03
-3.5279984470145405e-03
-4.4026815587753128e-03
-3.0368700429349560e-03
-4.4759456254409389e-03
-3.0198172925173204e-03
-4.4804462998603283e-03
-3.0187165665712845e-03
-4.4806903739067075e-03
-3.0186785284972264e-03
-4.4806847999544095e-03
-3.0186892529942117e-03
-4.4806765546390945e-03
-3.0186945303920620e-03
-4.4806734427437264e-03
-3.0186962550509174e-03
-4.4806725568452424e-03
-3.0186966557516582e-03
-4.4806724161469457e-03
-3.0186966927449078e-03
-4.4806723314724708e-03
-3.0186970987391899e-03
-4.4806708089311234e-03
-3.0187025101823888e-03
-4.4806512613882292e-03
-3.0187746604321049e-03
-4.4803842842785152e-03
-3.0197266162992121e-03
-4.4774940193216704e-03
-3.0225145942133331e-03
-4.5320357383785825e-03
-2.1507609193925897e-03
-1.4150880725088192e-02
4.1329969852186297e-03
0.0000000000000000e+00
-4.3074140149586730e-03
-5.0389568375049949e-03
-2.9363190387601923e-03
-4.4998202391791009e-03
-3.0141347235496160e-03
-4.4823786478706247e-03
-3.0187165665712949e-03
-4.4811954106547709e-03
-3.0190381393463131e-03
-4.4810965600491238e-03
-3.0190757060178657e-03
-4.4810784406937205e-03
-3.0190860180995603e-03
-4.4810721096704437e-03
-3.0190899954783725e-03
-4.4810696093319242e-03
-3.0190915581523228e-03
-4.4810686331694894e-03
-3.0190921830481237e-03
-4.4810681993328197e-03
-3.0190925232707745e-03
-4.4810679760521289e-03
-3.0190921674776517e-03
-4.4810711613754257e-03
-3.0190766331399288e-03
-4.4811380842648199e-03
-3.0187967391074174e-03
-4.4823352089154505e-03
-3.0132828754894565e-03
-4.5113489193943515e-03
-2.8080661935024781e-03
-6.2105394999152864e-03
2.6104587002293280e-03
-2.1089883821068880e-02
0.0000000000000000e+00
-5.1027371172067248e-03
-3.5280186490550414e-03
-4.4030055113237609e-03
-3.0372509994335685e-03
-4.4761348200449890e-03
-3.0201945863852627e-03
-4.4806903739066728e-03
-3.0190381393463334e-03
-4.4809741565540531e-03
-3.0189763878732800e-03
-4.4809810195590612e-03
-3.0189814854713107e-03
-4.4809746924195848e-03
-3.0189866768085792e-03
-4.4809708722560260e-03
-3.0189893738752850e-03
